Device 0: "GeForce GTX TITAN" with Compute 3. 5 capability

Tiempo gastado en GPU = 0.00041008
Tiempo gastado en CPU = 0.000760078

Ganancia = 1.85349


Matriz resultado GPU:
0: 0 90 96 88 91 119 90 96 64 91 85 90 59 90 88 152 91 118 96 57 93 28 122 122 60 89 84 97 60 119 32 62 63 96 66 94 86 92 102 88 62 96 56 99 116 58 94 56 59 112 98 123 1000000 28 61 116 89 89 89 56 119 34 58 68 
1: 123 0 154 95 185 34 160 124 101 155 164 164 129 197 123 200 163 190 165 152 164 151 165 183 67 101 154 131 169 166 155 156 186 190 135 160 157 164 129 131 185 190 179 130 186 129 164 179 165 158 162 197 1000000 151 162 166 164 136 96 126 167 157 162 154 
2: 60 93 0 91 91 122 90 66 34 92 88 91 59 62 60 126 92 119 97 32 97 31 94 29 63 91 60 94 63 92 92 98 123 125 67 89 89 67 98 60 31 66 59 100 92 94 94 28 62 88 96 94 1000000 88 92 92 94 62 92 59 93 35 61 69 
3: 28 99 59 0 90 95 65 29 64 60 69 100 87 118 28 136 91 122 98 57 69 56 101 88 69 64 59 99 88 96 60 61 91 95 68 92 62 69 34 67 90 95 84 35 91 86 100 84 87 63 67 123 1000000 56 89 91 88 99 98 31 103 62 67 59 
4: 119 94 92 126 0 128 91 94 125 93 91 92 60 63 61 154 93 120 93 90 62 121 95 121 123 92 61 94 28 122 97 123 68 94 63 90 124 95 124 61 116 151 94 92 93 63 95 29 95 89 97 125 1000000 33 66 92 63 122 152 125 121 88 62 122 
5: 89 33 120 61 151 0 126 90 67 121 130 130 95 163 89 166 129 156 131 118 130 117 131 149 33 67 120 97 135 132 121 122 152 156 101 126 123 130 95 97 151 156 145 96 152 95 130 145 131 124 128 163 1000000 117 128 132 130 102 62 92 133 123 128 120 
6: 88 121 28 119 119 150 0 94 62 120 116 119 87 90 88 154 120 147 125 60 125 59 122 57 91 119 88 122 91 120 120 126 151 153 95 117 117 95 126 88 59 94 87 128 120 122 122 56 90 116 124 122 1000000 116 120 120 122 90 120 87 121 63 89 97 
7: 122 99 123 94 61 125 95 0 35 154 94 122 121 124 122 134 91 94 124 130 99 119 127 129 99 98 92 122 66 100 97 32 129 66 94 64 92 99 64 93 154 66 65 61 124 124 101 90 125 93 93 94 1000000 94 61 100 89 70 128 121 101 132 97 30 
8: 98 131 122 70 93 157 94 32 0 130 125 125 129 96 98 99 123 126 127 126 131 98 159 151 93 127 96 154 98 65 98 64 161 98 126 96 124 95 96 125 125 98 97 93 128 130 126 122 129 124 125 126 1000000 126 93 65 98 35 122 101 66 97 125 62 
9: 119 128 118 91 130 124 90 120 90 0 90 61 59 120 116 123 93 89 92 91 98 118 95 119 98 31 95 95 99 94 122 122 182 59 65 90 91 60 63 61 115 150 91 118 121 129 91 124 95 92 87 94 1000000 147 92 57 28 121 127 115 90 87 96 119 
10: 95 99 90 124 61 133 62 95 98 121 0 93 97 64 89 67 92 94 91 95 100 66 94 119 96 98 99 92 66 68 66 32 129 66 61 64 102 121 98 60 93 66 94 28 131 124 101 90 94 101 60 94 1000000 94 93 122 101 120 125 88 34 65 93 99 
11: 90 90 60 90 88 124 32 67 93 100 64 0 92 59 95 62 34 28 91 90 127 61 97 89 91 122 34 56 93 63 61 65 153 89 92 97 97 59 124 95 88 99 89 92 66 68 90 63 68 62 93 33 1000000 118 64 66 58 98 120 89 29 60 58 94 
12: 119 99 59 91 123 125 31 97 93 97 94 64 0 121 94 126 63 90 90 91 99 90 65 63 63 32 64 65 94 101 93 94 154 66 60 60 92 67 64 31 56 91 70 93 65 98 35 87 65 92 94 97 1000000 119 33 64 35 95 92 118 93 28 97 62 
13: 94 61 89 119 29 95 61 96 122 95 93 29 89 0 63 91 63 57 120 92 91 65 124 118 97 95 63 85 57 92 90 94 97 118 92 119 123 88 127 90 117 128 93 121 95 92 119 58 96 91 34 62 1000000 62 93 95 87 126 126 62 58 89 29 121 
14: 91 124 31 95 122 153 121 97 65 32 94 93 90 93 0 155 123 121 96 29 128 62 125 60 94 63 91 125 94 123 123 126 154 91 97 120 120 64 95 91 62 97 90 122 123 125 95 59 93 119 119 125 1000000 119 123 89 60 93 123 90 122 66 92 100 
15: 116 95 58 88 64 68 30 96 92 131 93 33 99 92 100 0 65 33 96 90 103 89 126 87 60 94 63 61 69 32 94 35 132 69 104 65 35 64 101 100 89 69 95 121 95 97 95 68 99 91 97 66 1000000 97 95 92 63 120 89 117 62 93 63 123 
16: 57 68 116 88 60 102 88 62 94 66 59 65 59 123 90 126 0 93 119 57 94 28 92 122 60 89 29 120 60 90 89 31 120 65 89 63 86 90 97 90 115 65 56 87 61 63 94 89 34 57 93 93 1000000 85 30 61 58 64 89 56 93 87 115 84 
17: 90 62 93 62 64 96 95 91 92 99 61 63 66 69 67 125 97 0 63 62 126 118 101 90 124 98 67 28 92 96 122 93 132 61 95 96 92 31 96 67 120 127 62 89 92 101 62 35 101 95 89 96 1000000 97 99 59 30 92 153 93 92 92 30 90 
18: 89 123 30 61 119 124 88 90 64 121 60 119 89 90 89 93 121 126 0 61 127 61 122 59 87 121 90 124 93 59 92 92 152 123 94 119 91 30 95 90 61 96 61 88 91 124 61 58 92 118 120 124 1000000 117 120 59 92 29 116 89 60 65 91 89 
19: 94 130 97 66 126 129 127 95 126 126 65 158 153 129 94 132 126 156 67 0 135 122 127 94 135 130 125 130 131 126 126 97 157 131 99 126 96 35 100 125 128 131 66 93 96 152 66 125 153 129 125 159 1000000 122 125 126 153 96 164 97 99 128 133 94 
20: 122 128 121 124 122 95 93 124 92 123 61 95 124 125 91 128 92 121 93 120 0 93 96 150 125 123 118 94 97 129 124 93 185 127 63 91 62 123 94 62 152 127 32 30 150 152 154 149 96 123 62 128 1000000 150 91 124 119 122 154 90 95 126 127 60 
21: 29 65 90 60 118 91 62 89 66 63 57 62 31 119 88 124 88 90 91 29 66 0 96 94 32 61 56 92 32 91 61 89 92 97 61 88 58 64 90 62 87 122 28 85 88 87 66 85 31 84 117 95 1000000 57 64 88 66 61 61 28 91 59 87 56 
22: 117 68 120 89 149 102 93 93 61 66 88 61 118 120 116 123 95 89 90 89 158 118 0 117 96 97 66 117 127 94 122 120 180 59 93 129 119 58 123 121 89 124 89 116 98 100 89 124 34 94 87 94 1000000 145 125 28 28 64 125 115 90 61 119 95 
23: 96 155 120 68 123 163 92 97 96 128 123 123 127 94 96 97 150 130 125 124 137 96 157 0 91 125 94 155 128 63 96 126 159 127 127 158 130 93 102 135 123 158 124 103 126 128 124 148 127 122 128 156 1000000 124 157 63 96 33 120 99 64 95 123 127 
24: 56 127 87 28 118 123 93 57 34 88 97 97 62 130 56 133 96 123 98 85 97 84 98 116 0 34 87 64 102 99 88 89 119 123 68 93 90 97 62 64 118 123 112 63 119 62 97 112 98 91 95 130 1000000 84 95 99 97 69 29 59 100 90 95 87 
25: 90 97 87 62 99 93 59 91 101 96 67 63 28 122 90 125 62 89 64 98 67 90 64 91 67 0 91 64 68 94 92 93 153 94 34 59 60 67 32 30 84 119 98 95 93 125 63 115 64 61 122 96 1000000 118 61 92 63 93 96 93 92 56 65 90 
26: 58 66 87 93 91 100 59 33 65 68 30 121 115 94 61 97 56 124 94 90 130 84 63 116 89 99 0 122 96 61 68 62 121 96 91 94 123 62 97 90 93 96 93 58 32 34 93 114 90 28 90 124 1000000 86 86 32 91 100 118 98 64 65 116 63 
27: 94 130 97 66 126 129 127 95 126 126 65 158 153 129 94 132 126 156 67 66 135 122 127 94 135 130 125 0 131 126 126 97 157 131 99 126 96 35 100 125 128 131 66 93 96 152 66 125 153 129 125 159 1000000 122 125 126 153 96 164 97 99 128 133 94 
28: 126 131 95 98 155 129 94 127 97 129 95 68 154 127 123 130 95 96 65 98 34 123 97 124 129 155 102 66 0 101 125 126 189 66 35 92 96 67 128 63 125 160 66 64 128 136 98 123 97 130 94 101 1000000 154 96 64 35 94 158 122 97 97 126 94 
29: 84 97 115 56 122 131 90 64 62 99 61 66 90 125 84 128 87 94 97 96 125 112 94 124 28 62 31 92 127 0 99 93 147 64 96 121 118 65 90 92 123 127 96 89 63 65 96 129 121 59 92 99 1000000 112 117 62 33 97 57 87 95 95 123 94 
30: 116 97 145 102 59 131 117 64 32 126 88 126 91 122 119 131 97 92 127 148 98 123 121 127 125 63 58 120 64 97 0 30 127 64 97 62 123 120 95 93 147 64 129 116 90 92 99 88 127 86 92 92 1000000 92 124 90 99 67 154 30 98 119 121 94 
31: 99 67 121 96 29 101 96 63 97 122 98 102 89 92 90 164 67 62 99 119 68 93 124 97 97 66 90 90 34 69 65 0 97 34 69 32 94 93 66 90 145 34 100 98 99 92 69 58 101 69 62 62 1000000 62 95 98 69 128 126 90 131 117 91 93 
32: 92 64 62 123 66 98 69 97 96 63 91 96 94 124 31 158 35 124 93 60 30 63 125 91 95 94 64 94 28 125 124 66 0 94 63 98 92 95 124 91 93 100 62 60 96 98 126 90 69 92 35 128 1000000 99 65 92 63 99 124 63 125 97 32 90 
33: 88 124 88 91 157 150 62 99 97 89 96 101 90 150 57 163 122 129 132 86 125 59 129 117 63 89 66 127 91 35 120 128 151 0 120 147 117 100 121 119 119 154 87 124 98 100 125 116 90 94 28 134 1000000 116 123 97 68 120 92 56 130 118 146 115 
34: 117 96 60 91 120 130 59 120 94 94 90 61 119 120 119 123 60 87 30 91 68 88 62 89 117 125 89 31 34 89 90 91 180 100 0 57 121 60 125 28 91 125 91 98 121 123 91 88 62 117 128 94 1000000 145 61 89 69 59 146 116 90 95 117 119 
35: 120 92 123 92 92 126 125 97 65 129 91 93 96 99 97 155 127 30 93 92 131 148 131 120 154 96 91 58 97 126 33 63 160 91 125 0 122 61 126 97 150 97 92 119 122 125 92 65 131 119 119 125 1000000 125 129 89 60 100 183 63 122 122 60 120 
36: 87 66 146 94 90 33 118 92 95 96 89 95 89 129 120 156 30 60 123 87 124 58 122 150 66 100 59 88 90 120 63 61 150 95 119 30 0 91 127 120 145 95 86 117 91 93 122 95 64 87 123 123 1000000 115 60 91 88 94 95 86 123 117 90 114 
37: 59 95 62 31 91 94 92 60 91 91 30 123 118 94 59 97 91 121 32 31 100 87 92 59 100 95 90 95 96 91 91 62 122 96 64 91 61 0 65 90 93 96 31 58 61 117 31 90 118 94 90 124 1000000 87 90 91 118 61 129 62 64 93 98 59 
38: 58 65 59 30 67 61 31 59 69 90 35 122 97 99 58 102 57 88 67 66 35 85 127 88 35 69 86 99 95 62 90 67 121 101 96 58 28 35 0 95 90 101 66 63 96 97 66 87 91 29 95 129 1000000 86 87 118 95 96 64 61 69 92 33 89 
39: 89 68 59 99 92 102 31 94 93 66 91 33 91 92 119 95 32 59 101 89 126 60 34 88 92 97 61 34 92 94 62 63 152 92 121 29 118 69 129 0 90 97 88 119 93 95 100 87 34 89 120 66 1000000 117 33 62 61 64 121 88 62 93 89 116 
40: 94 68 34 97 125 102 60 64 68 126 99 93 29 96 94 155 68 97 119 66 102 65 94 63 92 61 93 94 97 103 122 96 98 95 89 89 95 96 67 60 0 35 93 122 94 93 64 62 94 70 67 63 1000000 63 62 93 64 96 121 93 122 57 93 91 
41: 65 33 91 62 90 67 63 29 64 92 64 95 60 90 61 131 33 62 96 90 67 61 96 63 67 32 62 90 91 68 92 61 63 95 66 90 60 67 32 62 116 0 70 90 65 58 35 56 67 35 32 28 1000000 28 61 94 89 96 96 60 98 88 58 59 
42: 117 96 93 92 90 63 91 92 60 126 29 94 119 93 118 96 60 90 63 117 97 88 95 122 96 127 89 64 67 97 93 61 158 95 33 60 30 93 62 61 122 95 0 57 121 123 124 119 94 91 89 123 1000000 123 59 116 87 92 125 116 63 94 95 28 
43: 92 100 91 123 124 134 63 121 125 93 118 65 94 124 61 127 64 91 63 90 101 63 66 120 95 93 88 64 67 122 94 95 155 124 33 61 121 93 125 32 122 129 91 0 120 122 124 119 66 116 32 98 1000000 120 65 94 93 92 124 60 94 122 121 119 
44: 120 34 60 120 151 68 124 124 92 61 119 92 119 122 29 154 126 120 121 58 157 91 31 89 101 92 97 148 123 125 152 151 183 90 124 149 149 89 124 120 91 126 119 147 0 131 120 88 65 125 118 125 1000000 148 152 59 59 95 130 119 121 92 121 126 
45: 150 131 152 125 93 158 124 98 66 34 122 95 93 154 150 157 127 123 126 125 132 152 129 153 132 65 92 129 98 128 34 64 161 93 99 96 125 94 97 95 149 98 125 150 124 0 125 122 129 120 121 126 1000000 126 126 91 62 101 161 64 124 121 130 128 
46: 93 64 90 65 102 96 66 94 95 91 64 122 132 122 59 125 92 123 98 88 70 120 61 28 70 104 121 99 102 91 124 96 156 120 68 93 63 70 35 96 121 130 35 92 30 132 0 118 95 64 124 155 1000000 121 94 89 89 61 99 96 92 122 68 63 
47: 90 65 63 122 63 99 62 65 97 64 62 63 31 34 32 125 64 91 121 61 125 92 66 92 94 63 32 66 91 93 94 94 131 97 91 61 123 94 95 32 87 122 101 90 64 66 66 0 66 60 68 96 1000000 96 64 64 66 96 123 96 92 59 33 93 
48: 90 34 91 65 119 68 63 65 93 32 62 31 91 90 93 93 65 59 122 121 130 92 95 120 88 63 32 87 124 60 92 94 153 91 97 122 123 90 95 93 119 128 120 90 64 66 121 94 0 60 119 64 1000000 118 95 60 60 30 117 96 60 91 89 95 
49: 30 96 59 89 88 130 31 90 93 94 29 93 87 93 117 96 28 121 120 85 122 56 120 88 61 95 57 121 88 33 62 59 93 93 90 91 114 98 123 89 90 93 84 57 89 88 122 86 62 0 89 121 1000000 58 58 89 66 92 90 84 63 64 88 98 
50: 60 96 60 91 147 122 34 89 94 61 86 93 62 122 29 153 112 121 122 58 97 31 119 89 63 61 56 123 63 117 92 118 123 120 92 119 89 93 93 91 91 126 59 114 88 90 97 88 62 84 0 126 1000000 88 95 88 89 92 92 28 120 90 118 87 
51: 124 96 127 96 98 130 129 125 126 133 95 97 100 103 101 159 131 34 97 96 160 152 135 124 158 132 101 62 126 130 156 127 166 95 129 130 126 65 130 101 154 161 96 123 126 135 96 69 135 129 123 0 1000000 131 133 93 64 126 187 127 126 126 64 124 
52: 117 61 118 89 58 28 90 118 90 124 90 58 118 29 92 120 92 86 92 91 120 94 152 119 61 95 92 114 86 94 119 122 126 59 121 148 121 60 123 119 118 153 91 118 121 121 91 87 125 120 63 91 0 91 122 57 28 121 90 91 87 90 58 119 
53: 118 62 91 124 64 96 90 93 96 64 90 91 59 62 60 153 63 119 125 89 65 91 94 120 122 91 60 94 63 121 64 94 35 92 98 89 127 93 123 60 115 128 97 95 92 30 94 28 94 88 70 124 1000000 0 33 90 61 124 151 94 120 87 30 121 
54: 87 97 118 91 90 131 90 64 90 96 61 61 89 120 92 123 30 89 92 87 124 58 94 119 90 119 31 117 90 92 99 61 150 59 119 93 116 60 125 120 118 95 86 89 63 65 91 119 64 59 87 94 1000000 115 0 57 28 94 119 86 90 90 119 94 
55: 89 125 92 61 121 124 121 65 33 121 60 126 90 124 89 127 121 131 62 61 130 117 122 89 68 102 120 96 99 98 121 92 152 126 65 101 91 30 95 93 61 96 61 88 91 130 61 120 127 124 120 124 1000000 117 98 0 125 68 97 92 94 33 128 67 
56: 91 123 93 63 121 126 65 92 62 120 62 33 119 92 88 95 67 61 64 63 132 90 124 91 94 120 67 89 122 66 94 94 154 31 94 123 93 32 97 122 90 125 63 90 93 101 63 96 101 95 59 66 1000000 119 97 29 0 93 123 87 62 62 91 91 
57: 63 122 87 35 90 130 59 64 63 95 90 90 94 61 63 64 117 97 92 91 104 63 124 116 58 92 61 122 95 30 63 93 126 94 94 125 97 60 69 102 90 125 91 70 93 95 91 115 94 89 95 123 1000000 91 124 30 63 0 87 66 31 62 90 94 
58: 129 164 132 101 126 164 157 130 99 67 100 128 126 164 129 167 160 156 102 101 165 157 162 129 165 98 125 35 131 161 67 97 192 126 132 129 131 70 130 128 163 131 101 128 131 33 101 155 162 153 154 159 1000000 157 159 124 95 131 0 97 134 154 163 129 
59: 86 94 115 95 119 126 87 61 93 96 58 96 61 122 89 125 84 122 97 118 100 112 91 124 100 33 28 97 101 89 96 90 149 124 67 92 93 90 65 63 117 124 121 86 60 62 96 142 97 56 118 129 1000000 114 94 60 96 126 129 0 92 89 98 91 
60: 61 91 56 90 59 101 28 96 64 95 89 59 63 30 93 33 93 66 93 61 98 32 125 85 62 93 65 94 64 34 32 62 124 96 63 94 68 96 99 91 59 94 60 96 97 99 98 84 63 93 64 92 1000000 89 96 96 67 93 91 60 0 31 59 65 
61: 91 96 62 63 135 129 88 92 66 123 98 93 57 124 91 155 92 98 62 94 100 93 94 91 35 69 96 63 66 121 101 123 126 123 32 68 96 92 68 60 28 63 69 65 122 97 92 90 94 97 95 91 1000000 91 65 121 92 91 64 94 122 0 101 34 
62: 153 32 126 127 34 66 125 128 133 127 125 126 94 97 95 188 127 154 127 124 96 155 129 155 99 126 95 128 62 156 131 157 102 128 97 124 158 129 158 95 150 185 128 126 127 97 129 63 129 123 131 159 1000000 67 100 126 97 156 128 158 155 122 0 156 
63: 92 99 93 64 101 95 65 64 32 124 64 92 120 128 92 131 61 64 94 100 69 89 97 122 69 103 62 92 98 96 67 92 155 90 64 34 62 69 34 63 124 126 35 31 94 96 100 99 95 63 63 125 1000000 120 31 88 59 67 98 91 98 121 67 0 

Camino máximo = 152
